((("point2" .
   [1 0 0 0 0 0])
  ("point1" .
   [0 0 0 0 0 1])
  ("point-A" .
   [0 0 1 0 0 0 0])
  ("newline" .
   [0 0 0 0 1 0 0])
  ("new-if" .
   [0 0 0 1 0 0])
  ("make-point" .
   [0 0 0 0 0 0 0 0 1 0])
  ("length" .
   [0 0 0 1 3 0])
  ("define" .
   [0 0 0 1 0 3])
  ("class" .
   [0 0 0 0 1])
  ("def" .
   [4 0 0])
  ("include <>" .
   [0 0 0 2 0 0 0 0 0 0])
  ("inc" .
   [2 0 0])
  ("pragma" .
   [0 0 2 1 0 0])
  ("printf" .
   [0 0 0 2 2 0])
  ("cond" .
   [0 0 0 1])
  ("else" .
   [0 0 1 0])
  ("or" .
   [1 0])
  ("if" .
   [2 0])
  ("display" .
   [0 0 0 3 0 0 0])
  ("port?" .
   [0 0 0 1 0])
  ("positive?" .
   [0 0 0 1 0 0 0 0 0])
  ("and" .
   [1 0 0])
  ("cons" .
   [4 0 0 1])
  ("float" .
   [0 0 0 0 1])
  ("param1" .
   [0 0 3 1 0 2])
  ("scanf" .
   [1 0 0 1 1])
  ("param2" .
   [2 0 0 1 0 0])
  ("Get_DA_Step" .
   [0 0 1 0 0 0 0 0 0 0 0])
  ("short" .
   [0 0 0 1 0])
  ("MAX_DA_UPDATE_RATE" .
   [0 0 1 0 0 0 0 0 0 0 0 0 0 0 0 0 0 0])
  ("ceil" .
   [1 0 0 0])
  ("int" .
   [3 0 0])
  ("double" .
   [0 0 0 1 0 0])
  ("import" .
   [0 0 0 2 0 0])
  ("sys" .
   [3 0 0])
  ("path" .
   [2 0 0 0])
  ("Django" .
   [0 0 2 0 0 0])
  ("print" .
   [0 0 0 1 1])
  ("django" .
   [0 0 1 0 0 0])))
